0.5955407342223747 0.05012707430752098 0.02581229280207762 0.02591397327828119 0.875359971402961 0.7043236579213824 0.001
0.8215692965888277 0.1005292502181058 0.05349484884345045 0.05499283528342544 0.7872627535108484 0.6568704711066352 0.0009980973490458728
0.9555657772674375 0.373171426339536 0.24250576835000065 0.29043662755810845 0.6910538379070623 0.606950599049765 0.000992403876506104
0.9882287910657052 0.5527237863370289 0.3850413690215256 0.480768701139315 0.6725371969140526 0.5749768529619489 0.0009829629131445341
0.9890639248988857 0.5925334244627692 0.4233810992928071 0.5061307622594352 0.7329268180038188 0.5467005249053712 0.0009698463103929542
0.9904542088770605 0.6206964801470076 0.4522408949564757 0.5496950744117048 0.7288800813814255 0.5230938962527684 0.0009531538935183251
0.9906168202457264 0.6258431572661091 0.45786558979219577 0.5543434343514836 0.730535205830775 0.5019235677189298 0.0009330127018922195
0.991317107371795 0.6479906241425429 0.48112588318903543 0.5796223838102232 0.7443845928607316 0.48032955707065644 0.0009095760221444959
0.9917127552894153 0.6553623639851561 0.4897715829404659 0.5969584611268433 0.7387395418567128 0.4617021741375091 0.000883022221559489
0.992480933779762 0.6730955096518597 0.5087706784503832 0.6319727861091862 0.7278775481060483 0.4436146522325183 0.0008535533905932737
0.9928106577667124 0.68327566724543 0.5207964933708795 0.6499089842130809 0.7280395532839448 0.4276256064573924 0.0008213938048432696
0.9926337765424682 0.675979520761701 0.5127196210251773 0.6455512537415476 0.722005676076907 0.41354762940179735 0.0007867882181755231
