0.9411962443480999 0.3316627558923904 0.2079362704282078 0.2166181444457797 0.8517073026505926 0.6582564635882302 0.001
0.9819946825635302 0.5235230012637462 0.3600231762935642 0.3771057502519028 0.900666872123337 0.6132085597704328 0.0009980973490458728
0.9870113371871186 0.5978965750222112 0.4322450141069247 0.45717554887772427 0.9006445494762862 0.5828821848309229 0.000992403876506104
0.9882280875591422 0.622608188905292 0.45828993502083465 0.4890969226773113 0.8925907780278022 0.5560951687040783 0.0009829629131445341
0.9907517444577989 0.6720929235653712 0.5102507257119405 0.5503492843653369 0.8865770690132356 0.5294288765816462 0.0009698463103929542
0.9927120923239086 0.7199080703322978 0.565542406981596 0.6073805164434223 0.8951616792840265 0.5037597654357789 0.0009531538935183251
0.9931713241185895 0.7331284226772264 0.5813681900827804 0.6317913771809407 0.8874870339032777 0.4815404987524426 0.0009330127018922195
0.994034964872367 0.7564196909254435 0.6107474147832153 0.6666994748249885 0.8848919887533668 0.4609166875718132 0.0009095760221444959
0.9943928291218332 0.7680320323902536 0.625392024225658 0.6822376293288703 0.8859672634156165 0.4416020952519916 0.000883022221559489
0.9949717136704445 0.7853566826222336 0.6479524908205406 0.7098785841923527 0.8849672887666296 0.42425499028629726 0.0008535533905932737
0.9952354570884845 0.7942374630339857 0.6607048411479782 0.7218396655957444 0.8890706705402394 0.40726118428366526 0.0008213938048432696
0.9954633812910183 0.8024772243606232 0.6718772306730685 0.7380649702189711 0.885717191677482 0.3921940880162375 0.0007867882181755231
